[gd_scene format=3 uid="uid://b0xfq0ave88xq"]

[ext_resource type="Script" uid="uid://ssi2iwqhhyrt" path="res://scripts/song_editor.gd" id="1_lc8kc"]
[ext_resource type="PackedScene" uid="uid://cpjtnuvja4le1" path="res://scenes/e_drum_kit.tscn" id="2_utjrg"]
[ext_resource type="Script" uid="uid://mvwvnenyx5bq" path="res://scripts/overlay_mouse_input.gd" id="3_qinea"]
[ext_resource type="Script" uid="uid://bi016v1sfmabf" path="res://scripts/song_editor_overlay.gd" id="5_ywkw7"]
[ext_resource type="Script" uid="uid://bu1co8u8bfgh3" path="res://scripts/input_handler.gd" id="7_5urmg"]

[sub_resource type="AnimationLibrary" id="AnimationLibrary_wf456"]

[sub_resource type="PlaneMesh" id="PlaneMesh_lc8kc"]
size = Vector2(4, 2.25)

[sub_resource type="ViewportTexture" id="ViewportTexture_wf456"]
viewport_path = NodePath("MeshInstance3D/SubViewport")

[sub_resource type="StandardMaterial3D" id="StandardMaterial3D_pqflw"]
resource_local_to_scene = true
transparency = 1
shading_mode = 0
albedo_texture = SubResource("ViewportTexture_wf456")

[sub_resource type="BoxShape3D" id="BoxShape3D_wf456"]
size = Vector3(4, 0.1, 2.25)

[sub_resource type="PlaneMesh" id="PlaneMesh_wse1b"]
size = Vector2(32, 18)

[sub_resource type="ViewportTexture" id="ViewportTexture_ywkw7"]
viewport_path = NodePath("menu_wall/SubViewport")

[sub_resource type="StandardMaterial3D" id="StandardMaterial3D_mbgyq"]
resource_local_to_scene = true
albedo_texture = SubResource("ViewportTexture_ywkw7")

[sub_resource type="BoxShape3D" id="BoxShape3D_mbgyq"]
size = Vector3(32, 18, 0.1)

[node name="Game" type="Node3D" unique_id=187842444]
script = ExtResource("1_lc8kc")

[node name="DirectionalLight3D" type="DirectionalLight3D" parent="." unique_id=1439028084]
transform = Transform3D(1, 0, 0, 0, -0.023751676, 0.9997178, 0, -0.9997178, -0.023751676, 0, 3, 0)

[node name="SpotLight3D" type="SpotLight3D" parent="." unique_id=150066614]
transform = Transform3D(-0.0006282766, 0, -0.9999998, 0, 1, 0, 0.9999998, 0, -0.0006282766, 7.027995, 10, 13.568571)
light_energy = 16.0
spot_range = 28.571898
spot_angle = 43.84663

[node name="audio_player" type="AudioStreamPlayer3D" parent="." unique_id=1288260856]
transform = Transform3D(1, 0, 0, 0, 1, 0, 0, 0, 1, 0, 8.567072, 3.9254007)

[node name="Camera3D" type="Camera3D" parent="." unique_id=388735014]
transform = Transform3D(-0.06252933, 0.041393507, -0.99718446, 1.2499475e-09, 0.9991396, 0.04147467, 0.9980431, 0.0025933823, -0.062475536, 10.611264, 8.393053, 11.560735)

[node name="e-drum-kit" parent="." unique_id=1039073883 instance=ExtResource("2_utjrg")]

[node name="anim_player" type="AnimationPlayer" parent="." unique_id=1578454914]
libraries/ = SubResource("AnimationLibrary_wf456")
autoplay = &"intro"

[node name="MeshInstance3D" type="MeshInstance3D" parent="." unique_id=1178078700]
transform = Transform3D(0.8925858, 0.34539223, 0.2898185, 0, 0.64278764, -0.76604444, -0.45087752, 0.6837604, 0.5737431, -6.93923, 4.345, 2.193474)
mesh = SubResource("PlaneMesh_lc8kc")
surface_material_override/0 = SubResource("StandardMaterial3D_pqflw")

[node name="StaticBody3D" type="StaticBody3D" parent="MeshInstance3D" unique_id=776206301]
script = ExtResource("3_qinea")

[node name="CollisionShape3D" type="CollisionShape3D" parent="MeshInstance3D/StaticBody3D" unique_id=1067243350]
transform = Transform3D(1.0000005, 0, 0, 0, 1.000001, 0, 0, 0, 1.0000083, 0, 0, 0)
shape = SubResource("BoxShape3D_wf456")

[node name="SubViewport" type="SubViewport" parent="MeshInstance3D" unique_id=1930828186]
transparent_bg = true
size = Vector2i(640, 360)

[node name="input_handler" type="Node" parent="." unique_id=979150013]
script = ExtResource("7_5urmg")

[node name="menu_wall" type="MeshInstance3D" parent="." unique_id=1944309774]
transform = Transform3D(-0.051516853, -0.99867225, 4.365336e-08, -8.4854855e-16, -4.3711392e-08, -1, 0.99867225, -0.051516823, 2.2518778e-09, 25.496895, 7.3588734, 13.317109)
mesh = SubResource("PlaneMesh_wse1b")
surface_material_override/0 = SubResource("StandardMaterial3D_mbgyq")

[node name="StaticBody3D" type="StaticBody3D" parent="menu_wall" unique_id=209822726]
script = ExtResource("3_qinea")

[node name="CollisionShape3D" type="CollisionShape3D" parent="menu_wall/StaticBody3D" unique_id=565843336]
transform = Transform3D(1, 0, 0, 0, -4.371139e-08, -1, 0, 1, -4.371139e-08, 0, 0, 0)
shape = SubResource("BoxShape3D_mbgyq")

[node name="SubViewport" type="SubViewport" parent="menu_wall" unique_id=1243153486]
transparent_bg = true
size = Vector2i(1280, 720)

[node name="menu_overlay" type="Control" parent="." unique_id=1089076550]
layout_mode = 3
anchors_preset = 15
anchor_right = 1.0
anchor_bottom = 1.0
grow_horizontal = 2
grow_vertical = 2
script = ExtResource("5_ywkw7")

[connection signal="animation_finished" from="anim_player" to="." method="_on_animation_player_animation_finished"]
